6 6
1 1 2
2 2 3
3 2 4
4 3 5
5 4 5
6 5 6
1 4
	0 97 11 227
	1 85 21 163
	2 89 25 156
	3 93 29 148
2 6
	4 89 45 317
	5 83 30 348
	6 80 22 378
	7 98 49 340
	8 82 57 244
	9 96 53 313
3 7
	14 84 17 112
	15 90 13 137
	16 86 19 108
	17 83 8 144
	18 98 11 158
	19 99 14 147
	20 86 16 120
4 7
	21 94 38 504
	22 94 66 385
	23 80 71 304
	24 86 28 490
	25 83 33 457
	26 85 47 419
	27 98 57 438
5 8
	32 82 16 82
	33 84 15 90
	34 81 17 77
	35 93 8 128
	36 81 9 105
	37 80 11 97
	38 81 10 103
	39 87 7 122
6 6
	45 93 20 130
	46 90 9 168
	47 93 22 129
	48 96 11 172
	49 86 17 137
	50 87 14 146
50 95 0
1
1 1 1 1 1 1
